57.9986 381.928 -5
58.8389 381.958 -5
58.9019 379.758 0
59.7903 379.827 0
58.0112 379.728 0
57.9986 381.928 5
58.8389 381.958 5
58.5247 386.147 -10
59.6769 382.027 -5
59.2588 386.206 -10
57.1201 379.738 0
57.1578 381.938 -5
57.7884 386.127 -10
56.2303 379.788 0
57.1578 381.938 5
56.3185 381.988 -5
57.0521 386.147 -10
55.3436 379.877 0
56.3185 381.988 5
55.4824 382.077 -5
56.318 386.206 -10
54.4618 380.005 0
55.4824 382.077 5
54.6515 382.205 -5
55.5882 386.306 -10
53.5866 380.173 0
54.6515 382.205 5
53.8275 382.373 -5
54.8648 386.445 -10
52.7197 380.38 0
53.8275 382.373 5
53.0124 382.579 -5
54.15 386.622 -10
51.8629 380.625 0
53.0124 382.579 5
52.208 382.824 -5
51.0178 380.908 0
52.208 382.824 5
51.416 383.107 -5
53.4459 386.839 -10
50.1862 381.228 0
51.416 383.107 5
50.6382 383.426 -5
52.7545 387.093 -10
49.3697 381.585 0
50.6382 383.426 5
49.8764 383.782 -5
52.0779 387.384 -10
48.5699 381.978 0
49.8764 383.782 5
49.1322 384.173 -5
51.418 387.711 -10
47.7884 382.406 0
49.1322 384.173 5
48.4074 384.599 -5
50.7769 388.073 -10
47.0267 382.869 0
48.4074 384.599 5
47.7035 385.059 -5
50.1562 388.47 -10
46.2865 383.365 0
47.7035 385.059 5
47.0221 385.552 -5
49.558 388.9 -10
45.569 383.894 0
47.0221 385.552 5
46.3647 386.076 -5
44.8758 384.454 0
46.3647 386.076 5
45.7328 386.631 -5
48.9839 389.361 -10
44.2083 385.044 0
45.7328 386.631 5
45.1278 387.215 -5
48.4357 389.853 -10
43.5677 385.664 0
45.1278 387.215 5
42.9553 386.311 0
44.551 387.827 -5
47.9149 390.374 -10
42.3724 386.985 0
44.551 387.827 5
44.0038 388.465 -5
47.423 390.922 -10
41.8202 387.685 0
44.0038 388.465 5
43.4874 389.129 -5
46.9615 391.496 -10
41.2996 388.408 0
43.4874 389.129 5
43.0028 389.816 -5
46.5318 392.095 -10
40.8117 389.154 0
43.0028 389.816 5
42.5513 390.525 -5
46.1351 392.715 -10
40.3576 389.92 0
42.5513 390.525 5
42.1338 391.255 -5
39.938 390.707 0
42.1338 391.255 5
41.7511 392.004 -5
45.7726 393.356 -10
39.5539 391.511 0
41.7511 392.004 5
41.4043 392.77 -5
45.4454 394.016 -10
39.206 392.331 0
41.4043 392.77 5
41.094 393.551 -5
45.1543 394.693 -10
38.895 393.166 0
41.094 393.551 5
40.821 394.346 -5
44.9003 395.384 -10
38.6215 394.014 0
40.821 394.346 5
40.5859 395.154 -5
44.6841 396.088 -10
38.3861 394.874 0
40.5859 395.154 5
40.3891 395.971 -5
44.5064 396.803 -10
38.1892 395.743 0
40.3891 395.971 5
40.2312 396.797 -5
44.3676 397.527 -10
38.0312 396.62 0
40.2312 396.797 5
40.1124 397.629 -5
37.9124 397.503 0
40.1124 397.629 5
40.0331 398.466 -5
44.2681 398.256 -10
37.8331 398.391 0
40.0331 398.466 5
39.9934 399.306 -5
44.2083 398.99 -10
37.7934 399.281 0
39.9934 399.306 5
37.7934 400.172 0
39.9934 400.147 -5
44.1884 399.727 -10
37.8331 401.063 0
39.9934 400.147 5
40.0331 400.987 -5
44.2083 400.463 -10
37.9124 401.95 0
40.0331 400.987 5
40.1124 401.824 -5
44.2681 401.197 -10
38.0312 402.833 0
40.1124 401.824 5
40.2312 402.657 -5
44.3676 401.927 -10
38.1892 403.71 0
40.2312 402.657 5
40.3891 403.482 -5
38.3861 404.58 0
40.3891 403.482 5
40.5859 404.3 -5
44.5064 402.65 -10
38.6215 405.439 0
40.5859 404.3 5
40.821 405.107 -5
44.6841 403.365 -10
38.895 406.287 0
40.821 405.107 5
41.094 405.902 -5
44.9003 404.069 -10
39.206 407.122 0
41.094 405.902 5
41.4043 406.684 -5
45.1543 404.761 -10
39.5539 407.943 0
41.4043 406.684 5
41.7511 407.45 -5
45.4454 405.437 -10
39.938 408.747 0
41.7511 407.45 5
42.1338 408.199 -5
45.7726 406.097 -10
40.3576 409.533 0
42.1338 408.199 5
42.5513 408.928 -5
46.1351 406.738 -10
40.8117 410.3 0
42.5513 408.928 5
43.0028 409.638 -5
41.2996 411.046 0
43.0028 409.638 5
43.4874 410.325 -5
46.5318 407.359 -10
41.8202 411.769 0
43.4874 410.325 5
44.0038 410.988 -5
46.9615 407.957 -10
42.3724 412.468 0
44.0038 410.988 5
44.551 411.627 -5
47.423 408.531 -10
42.9553 413.142 0
44.551 411.627 5
45.1278 412.239 -5
47.9149 409.079 -10
43.5677 413.79 0
45.1278 412.239 5
44.2083 414.409 0
45.7328 412.823 -5
48.4357 409.6 -10
44.8758 415 0
45.7328 412.823 5
46.3647 413.377 -5
48.9839 410.092 -10
45.569 415.56 0
46.3647 413.377 5
47.0221 413.902 -5
49.558 410.554 -10
46.2865 416.088 0
47.0221 413.902 5
47.7035 414.394 -5
47.0267 416.585 0
47.7035 414.394 5
48.4074 414.854 -5
50.1562 410.983 -10
47.7884 417.047 0
48.4074 414.854 5
49.1322 415.28 -5
50.7769 411.38 -10
48.5699 417.476 0
49.1322 415.28 5
49.8764 415.672 -5
51.418 411.743 -10
49.3697 417.869 0
49.8764 415.672 5
50.6382 416.028 -5
52.0779 412.07 -10
50.1862 418.226 0
50.6382 416.028 5
51.416 416.347 -5
52.7545 412.361 -10
51.0178 418.546 0
51.416 416.347 5
52.208 416.629 -5
53.4459 412.615 -10
51.8629 418.829 0
52.208 416.629 5
53.0124 416.874 -5
54.15 412.831 -10
52.7197 419.074 0
53.0124 416.874 5
53.8275 417.08 -5
53.5866 419.28 0
53.8275 417.08 5
54.6515 417.248 -5
54.8648 413.009 -10
54.4618 419.448 0
54.6515 417.248 5
55.4824 417.377 -5
55.5882 413.148 -10
55.3436 419.577 0
55.4824 417.377 5
56.3185 417.466 -5
56.318 413.247 -10
56.2303 419.666 0
56.3185 417.466 5
57.1578 417.516 -5
57.0521 413.307 -10
57.1201 419.716 0
57.1578 417.516 5
57.9986 417.526 -5
57.7884 413.327 -10
58.0112 419.726 0
57.9986 417.526 5
58.9019 419.696 0
58.8389 417.496 -5
58.5247 413.307 -10
59.7903 419.626 0
58.8389 417.496 5
59.6769 417.426 -5
59.2588 413.247 -10
60.6748 419.517 0
59.6769 417.426 5
60.5106 417.317 -5
61.5535 419.369 0
60.5106 417.317 5
61.3383 417.169 -5
59.9886 413.148 -10
62.4248 419.182 0
61.3383 417.169 5
62.158 416.982 -5
60.712 413.009 -10
63.2869 418.956 0
62.158 416.982 5
62.968 416.756 -5
61.4268 412.831 -10
64.138 418.692 0
62.968 416.756 5
63.7665 416.493 -5
62.1309 412.615 -10
64.9765 418.39 0
63.7665 416.493 5
64.5516 416.192 -5
62.8223 412.361 -10
65.8008 418.052 0
64.5516 416.192 5
65.3216 415.854 -5
63.4989 412.07 -10
66.6092 417.677 0
65.3216 415.854 5
66.0748 415.48 -5
64.1587 411.743 -10
67.4 417.266 0
66.0748 415.48 5
66.8095 415.071 -5
68.1718 416.82 0
66.8095 415.071 5
67.5241 414.628 -5
64.7999 411.38 -10
68.9229 416.341 0
67.5241 414.628 5
68.2169 414.152 -5
65.4205 410.983 -10
69.652 415.828 0
68.2169 414.152 5
68.8865 413.643 -5
66.0188 410.554 -10
70.3575 415.284 0
68.8865 413.643 5
69.5313 413.104 -5
66.5928 410.092 -10
71.038 414.708 0
69.5313 413.104 5
70.1499 412.534 -5
67.1411 409.6 -10
71.6922 414.103 0
70.1499 412.534 5
72.3189 413.47 0
70.741 411.936 -5
67.6619 409.079 -10
72.9166 412.809 0
70.741 411.936 5
71.3031 411.311 -5
73.4844 412.122 0
71.3031 411.311 5
71.8351 410.66 -5
68.1538 408.531 -10
74.021 411.41 0
71.8351 410.66 5
72.3357 409.984 -5
68.6153 407.957 -10
74.5253 410.676 0
72.3357 409.984 5
72.8039 409.286 -5
69.045 407.359 -10
74.9964 409.919 0
72.8039 409.286 5
73.2386 408.566 -5
69.4416 406.738 -10
75.4334 409.142 0
73.2386 408.566 5
73.6388 407.827 -5
69.8042 406.097 -10
75.8353 408.347 0
73.6388 407.827 5
74.0036 407.069 -5
70.1314 405.437 -10
76.2014 407.535 0
74.0036 407.069 5
74.3322 406.295 -5
70.4225 404.761 -10
76.5309 406.707 0
74.3322 406.295 5
74.6239 405.506 -5
76.8232 405.865 0
74.6239 405.506 5
74.8781 404.705 -5
70.6765 404.069 -10
77.0778 405.011 0
74.8781 404.705 5
75.0941 403.892 -5
70.8927 403.365 -10
77.294 404.146 0
75.0941 403.892 5
75.2715 403.07 -5
71.0704 402.65 -10
77.4715 403.273 0
75.2715 403.07 5
75.4099 402.241 -5
71.2092 401.927 -10
77.6099 402.392 0
75.4099 402.241 5
75.509 401.406 -5
71.3087 401.197 -10
77.709 401.507 0
75.509 401.406 5
75.5685 400.567 -5
71.3684 400.463 -10
77.7685 400.618 0
75.5685 400.567 5
75.5884 399.727 -5
71.3884 399.727 -10
77.7884 399.727 0
75.5884 399.727 5
77.7685 398.836 0
75.5685 398.886 -5
77.709 397.947 0
75.5685 398.886 5
75.509 398.047 -5
71.3684 398.99 -10
77.6099 397.061 0
75.509 398.047 5
75.4099 397.212 -5
71.3087 398.256 -10
77.4715 396.181 0
75.4099 397.212 5
75.2715 396.383 -5
71.2092 397.527 -10
77.294 395.307 0
75.2715 396.383 5
75.0941 395.561 -5
71.0704 396.803 -10
77.0778 394.443 0
75.0941 395.561 5
74.8781 394.749 -5
70.8927 396.088 -10
76.8232 393.589 0
74.8781 394.749 5
74.6239 393.947 -5
70.6765 395.384 -10
76.5309 392.747 0
74.6239 393.947 5
74.3322 393.158 -5
70.4225 394.693 -10
76.2014 391.919 0
74.3322 393.158 5
74.0036 392.385 -5
75.8353 391.106 0
74.0036 392.385 5
73.6388 391.627 -5
70.1314 394.016 -10
75.4334 390.311 0
73.6388 391.627 5
73.2386 390.888 -5
69.8042 393.356 -10
74.9964 389.534 0
73.2386 390.888 5
72.8039 390.168 -5
69.4416 392.715 -10
74.5253 388.778 0
72.8039 390.168 5
72.3357 389.469 -5
69.045 392.095 -10
74.021 388.043 0
72.3357 389.469 5
71.8351 388.794 -5
68.6153 391.496 -10
73.4844 387.332 0
71.8351 388.794 5
71.3031 388.143 -5
68.1538 390.922 -10
72.9166 386.645 0
71.3031 388.143 5
70.741 387.517 -5
67.6619 390.374 -10
72.3189 385.984 0
70.741 387.517 5
70.1499 386.919 -5
71.6922 385.35 0
70.1499 386.919 5
71.038 384.745 0
69.5313 386.35 -5
67.1411 389.853 -10
70.3575 384.17 0
69.5313 386.35 5
68.8865 385.81 -5
66.5928 389.361 -10
69.652 383.625 0
68.8865 385.81 5
68.2169 385.302 -5
66.0188 388.9 -10
68.9229 383.113 0
68.2169 385.302 5
67.5241 384.825 -5
65.4205 388.47 -10
68.1718 382.633 0
67.5241 384.825 5
66.8095 384.382 -5
64.7999 388.073 -10
67.4 382.188 0
66.8095 384.382 5
66.0748 383.973 -5
64.1587 387.711 -10
66.6092 381.777 0
66.0748 383.973 5
65.3216 383.599 -5
65.8008 381.402 0
65.3216 383.599 5
64.5516 383.262 -5
63.4989 387.384 -10
64.9765 381.063 0
64.5516 383.262 5
63.7665 382.961 -5
62.8223 387.093 -10
64.138 380.761 0
63.7665 382.961 5
62.968 382.697 -5
62.1309 386.839 -10
63.2869 380.497 0
62.968 382.697 5
62.158 382.471 -5
61.4268 386.622 -10
62.4248 380.272 0
62.158 382.471 5
61.3383 382.284 -5
60.712 386.445 -10
61.5535 380.084 0
61.3383 382.284 5
60.5106 382.136 -5
59.9886 386.306 -10
60.6748 379.936 0
60.5106 382.136 5
59.6769 382.027 5
58.5247 386.147 10
59.2588 386.206 10
57.7884 386.127 10
57.0521 386.147 10
56.318 386.206 10
55.5882 386.306 10
54.8648 386.445 10
54.15 386.622 10
53.4459 386.839 10
52.7545 387.093 10
52.0779 387.384 10
51.418 387.711 10
50.7769 388.073 10
50.1562 388.47 10
49.558 388.9 10
48.9839 389.361 10
48.4357 389.853 10
47.9149 390.374 10
47.423 390.922 10
46.9615 391.496 10
46.5318 392.095 10
46.1351 392.715 10
45.7726 393.356 10
45.4454 394.016 10
45.1543 394.693 10
44.9003 395.384 10
44.6841 396.088 10
44.5064 396.803 10
44.3676 397.527 10
44.2681 398.256 10
44.2083 398.99 10
44.1884 399.727 10
44.2083 400.463 10
44.2681 401.197 10
44.3676 401.927 10
44.5064 402.65 10
44.6841 403.365 10
44.9003 404.069 10
45.1543 404.761 10
45.4454 405.437 10
45.7726 406.097 10
46.1351 406.738 10
46.5318 407.359 10
46.9615 407.957 10
47.423 408.531 10
47.9149 409.079 10
48.4357 409.6 10
48.9839 410.092 10
49.558 410.554 10
50.1562 410.983 10
50.7769 411.38 10
51.418 411.743 10
52.0779 412.07 10
52.7545 412.361 10
53.4459 412.615 10
54.15 412.831 10
54.8648 413.009 10
55.5882 413.148 10
56.318 413.247 10
57.0521 413.307 10
57.7884 413.327 10
58.5247 413.307 10
59.2588 413.247 10
59.9886 413.148 10
60.712 413.009 10
61.4268 412.831 10
62.1309 412.615 10
62.8223 412.361 10
63.4989 412.07 10
64.1587 411.743 10
64.7999 411.38 10
65.4205 410.983 10
66.0188 410.554 10
66.5928 410.092 10
67.1411 409.6 10
67.6619 409.079 10
68.1538 408.531 10
68.6153 407.957 10
69.045 407.359 10
69.4416 406.738 10
69.8042 406.097 10
70.1314 405.437 10
70.4225 404.761 10
70.6765 404.069 10
70.8927 403.365 10
71.0704 402.65 10
71.2092 401.927 10
71.3087 401.197 10
71.3684 400.463 10
71.3884 399.727 10
71.3684 398.99 10
71.3087 398.256 10
71.2092 397.527 10
71.0704 396.803 10
70.8927 396.088 10
70.6765 395.384 10
70.4225 394.693 10
70.1314 394.016 10
69.8042 393.356 10
69.4416 392.715 10
69.045 392.095 10
68.6153 391.496 10
68.1538 390.922 10
67.6619 390.374 10
67.1411 389.853 10
66.5928 389.361 10
66.0188 388.9 10
65.4205 388.47 10
64.7999 388.073 10
64.1587 387.711 10
63.4989 387.384 10
62.8223 387.093 10
62.1309 386.839 10
61.4268 386.622 10
60.712 386.445 10
59.9886 386.306 10
57.7884 399.727 15
57.7884 399.727 -15