3 0 1 2
3 0 7 1
3 4 0 2
3 10 0 4
3 12 7 0
3 11 0 10
3 11 12 0
3 2 1 3
3 1 8 3
3 7 9 1
3 1 9 8
3 2 3 6
3 4 2 5
3 5 2 6
3 6 3 522
3 3 8 520
3 3 520 522
3 10 4 5
3 5 6 523
3 14 10 5
3 14 5 525
3 525 5 523
3 6 522 524
3 523 6 524
3 640 9 7
3 640 7 12
3 8 9 518
3 8 518 520
3 9 519 518
3 640 519 9
3 13 11 10
3 13 10 14
3 16 12 11
3 15 11 13
3 15 16 11
3 640 12 16
3 18 13 14
3 17 15 13
3 17 13 18
3 18 14 526
3 526 14 525
3 20 16 15
3 19 15 17
3 19 20 15
3 640 16 20
3 22 17 18
3 21 19 17
3 21 17 22
3 22 18 527
3 527 18 526
3 24 20 19
3 23 19 21
3 23 24 19
3 640 20 24
3 26 21 22
3 25 23 21
3 25 21 26
3 26 22 528
3 528 22 527
3 28 24 23
3 27 23 25
3 27 28 23
3 640 24 28
3 30 25 26
3 29 27 25
3 29 25 30
3 30 26 529
3 529 26 528
3 32 28 27
3 31 27 29
3 31 32 27
3 640 28 32
3 34 29 30
3 33 31 29
3 33 29 34
3 34 30 530
3 530 30 529
3 35 32 31
3 35 31 33
3 39 32 35
3 640 32 39
3 37 33 34
3 36 35 33
3 36 33 37
3 37 34 530
3 38 35 36
3 38 39 35
3 41 36 37
3 40 38 36
3 40 36 41
3 41 37 531
3 531 37 530
3 43 39 38
3 42 38 40
3 42 43 38
3 640 39 43
3 45 40 41
3 44 42 40
3 44 40 45
3 45 41 532
3 532 41 531
3 47 43 42
3 46 42 44
3 46 47 42
3 640 43 47
3 49 44 45
3 48 46 44
3 48 44 49
3 49 45 533
3 533 45 532
3 51 47 46
3 50 46 48
3 50 51 46
3 640 47 51
3 53 48 49
3 52 50 48
3 52 48 53
3 53 49 534
3 534 49 533
3 55 51 50
3 54 50 52
3 54 55 50
3 640 51 55
3 57 52 53
3 56 54 52
3 56 52 57
3 57 53 535
3 535 53 534
3 59 55 54
3 58 54 56
3 58 59 54
3 640 55 59
3 61 56 57
3 60 58 56
3 60 56 61
3 61 57 536
3 536 57 535
3 63 59 58
3 62 58 60
3 62 63 58
3 640 59 63
3 65 60 61
3 64 62 60
3 64 60 65
3 65 61 537
3 537 61 536
3 66 63 62
3 66 62 64
3 70 63 66
3 640 63 70
3 68 64 65
3 67 66 64
3 67 64 68
3 68 65 537
3 69 66 67
3 69 70 66
3 72 67 68
3 71 69 67
3 71 67 72
3 72 68 538
3 538 68 537
3 74 70 69
3 73 69 71
3 73 74 69
3 640 70 74
3 76 71 72
3 75 73 71
3 75 71 76
3 76 72 539
3 539 72 538
3 79 74 73
3 77 73 75
3 78 73 77
3 78 79 73
3 640 74 79
3 77 75 76
3 81 77 76
3 81 76 540
3 540 76 539
3 80 78 77
3 80 77 81
3 83 79 78
3 82 78 80
3 82 83 78
3 640 79 83
3 85 80 81
3 84 82 80
3 84 80 85
3 85 81 541
3 541 81 540
3 87 83 82
3 86 82 84
3 86 87 82
3 640 83 87
3 89 84 85
3 88 86 84
3 88 84 89
3 89 85 542
3 542 85 541
3 91 87 86
3 90 86 88
3 90 91 86
3 640 87 91
3 93 88 89
3 92 90 88
3 92 88 93
3 93 89 543
3 543 89 542
3 95 91 90
3 94 90 92
3 94 95 90
3 640 91 95
3 97 92 93
3 96 94 92
3 96 92 97
3 97 93 544
3 544 93 543
3 98 95 94
3 98 94 96
3 102 95 98
3 640 95 102
3 100 96 97
3 99 98 96
3 99 96 100
3 100 97 544
3 101 98 99
3 101 102 98
3 104 99 100
3 103 101 99
3 103 99 104
3 104 100 545
3 545 100 544
3 106 102 101
3 105 101 103
3 105 106 101
3 640 102 106
3 108 103 104
3 107 105 103
3 107 103 108
3 108 104 546
3 546 104 545
3 110 106 105
3 109 105 107
3 109 110 105
3 640 106 110
3 112 107 108
3 111 109 107
3 111 107 112
3 112 108 547
3 547 108 546
3 114 110 109
3 113 109 111
3 113 114 109
3 640 110 114
3 116 111 112
3 115 113 111
3 115 111 116
3 116 112 548
3 548 112 547
3 118 114 113
3 117 113 115
3 117 118 113
3 640 114 118
3 120 115 116
3 119 117 115
3 119 115 120
3 120 116 549
3 549 116 548
3 122 118 117
3 121 117 119
3 121 122 117
3 640 118 122
3 124 119 120
3 123 121 119
3 123 119 124
3 124 120 550
3 550 120 549
3 126 122 121
3 125 121 123
3 125 126 121
3 640 122 126
3 128 123 124
3 127 125 123
3 127 123 128
3 128 124 551
3 551 124 550
3 129 126 125
3 129 125 127
3 133 126 129
3 640 126 133
3 131 127 128
3 130 129 127
3 130 127 131
3 131 128 551
3 132 129 130
3 132 133 129
3 135 130 131
3 134 132 130
3 134 130 135
3 135 131 552
3 552 131 551
3 137 133 132
3 136 132 134
3 136 137 132
3 640 133 137
3 139 134 135
3 138 136 134
3 138 134 139
3 139 135 553
3 553 135 552
3 142 137 136
3 140 136 138
3 141 136 140
3 141 142 136
3 640 137 142
3 140 138 139
3 144 140 139
3 144 139 554
3 554 139 553
3 143 141 140
3 143 140 144
3 146 142 141
3 145 141 143
3 145 146 141
3 640 142 146
3 148 143 144
3 147 145 143
3 147 143 148
3 148 144 555
3 555 144 554
3 150 146 145
3 149 145 147
3 149 150 145
3 640 146 150
3 152 147 148
3 151 149 147
3 151 147 152
3 152 148 556
3 556 148 555
3 154 150 149
3 153 149 151
3 153 154 149
3 640 150 154
3 156 151 152
3 155 153 151
3 155 151 156
3 156 152 557
3 557 152 556
3 157 154 153
3 157 153 155
3 161 154 157
3 640 154 161
3 159 155 156
3 158 157 155
3 158 155 159
3 159 156 557
3 160 157 158
3 160 161 157
3 163 158 159
3 162 160 158
3 162 158 163
3 163 159 558
3 558 159 557
3 165 161 160
3 164 160 162
3 164 165 160
3 640 161 165
3 167 162 163
3 166 164 162
3 166 162 167
3 167 163 559
3 559 163 558
3 169 165 164
3 168 164 166
3 168 169 164
3 640 165 169
3 171 166 167
3 170 168 166
3 170 166 171
3 171 167 560
3 560 167 559
3 173 169 168
3 172 168 170
3 172 173 168
3 640 169 173
3 175 170 171
3 174 172 170
3 174 170 175
3 175 171 561
3 561 171 560
3 177 173 172
3 176 172 174
3 176 177 172
3 640 173 177
3 179 174 175
3 178 176 174
3 178 174 179
3 179 175 562
3 562 175 561
3 181 177 176
3 180 176 178
3 180 181 176
3 640 177 181
3 183 178 179
3 182 180 178
3 182 178 183
3 183 179 563
3 563 179 562
3 185 181 180
3 184 180 182
3 184 185 180
3 640 181 185
3 187 182 183
3 186 184 182
3 186 182 187
3 187 183 564
3 564 183 563
3 188 185 184
3 188 184 186
3 192 185 188
3 640 185 192
3 190 186 187
3 189 188 186
3 189 186 190
3 190 187 564
3 191 188 189
3 191 192 188
3 194 189 190
3 193 191 189
3 193 189 194
3 194 190 565
3 565 190 564
3 196 192 191
3 195 191 193
3 195 196 191
3 640 192 196
3 198 193 194
3 197 195 193
3 197 193 198
3 198 194 566
3 566 194 565
3 200 196 195
3 199 195 197
3 199 200 195
3 640 196 200
3 202 197 198
3 201 199 197
3 201 197 202
3 202 198 567
3 567 198 566
3 204 200 199
3 203 199 201
3 203 204 199
3 640 200 204
3 206 201 202
3 205 203 201
3 205 201 206
3 206 202 568
3 568 202 567
3 209 204 203
3 207 203 205
3 208 203 207
3 208 209 203
3 640 204 209
3 207 205 206
3 211 207 206
3 211 206 569
3 569 206 568
3 210 208 207
3 210 207 211
3 213 209 208
3 212 208 210
3 212 213 208
3 640 209 213
3 215 210 211
3 214 212 210
3 214 210 215
3 215 211 570
3 570 211 569
3 217 213 212
3 216 212 214
3 216 217 212
3 640 213 217
3 219 214 215
3 218 216 214
3 218 214 219
3 219 215 571
3 571 215 570
3 220 217 216
3 220 216 218
3 224 217 220
3 640 217 224
3 222 218 219
3 221 220 218
3 221 218 222
3 222 219 571
3 223 220 221
3 223 224 220
3 226 221 222
3 225 223 221
3 225 221 226
3 226 222 572
3 572 222 571
3 228 224 223
3 227 223 225
3 227 228 223
3 640 224 228
3 230 225 226
3 229 227 225
3 229 225 230
3 230 226 573
3 573 226 572
3 232 228 227
3 231 227 229
3 231 232 227
3 640 228 232
3 234 229 230
3 233 231 229
3 233 229 234
3 234 230 574
3 574 230 573
3 236 232 231
3 235 231 233
3 235 236 231
3 640 232 236
3 238 233 234
3 237 235 233
3 237 233 238
3 238 234 575
3 575 234 574
3 240 236 235
3 239 235 237
3 239 240 235
3 640 236 240
3 242 237 238
3 241 239 237
3 241 237 242
3 242 238 576
3 576 238 575
3 244 240 239
3 243 239 241
3 243 244 239
3 640 240 244
3 246 241 242
3 245 243 241
3 245 241 246
3 246 242 577
3 577 242 576
3 248 244 243
3 247 243 245
3 247 248 243
3 640 244 248
3 250 245 246
3 249 247 245
3 249 245 250
3 250 246 578
3 578 246 577
3 251 248 247
3 251 247 249
3 255 248 251
3 640 248 255
3 253 249 250
3 252 251 249
3 252 249 253
3 253 250 578
3 254 251 252
3 254 255 251
3 257 252 253
3 256 254 252
3 256 252 257
3 257 253 579
3 579 253 578
3 259 255 254
3 258 254 256
3 258 259 254
3 640 255 259
3 261 256 257
3 260 258 256
3 260 256 261
3 261 257 580
3 580 257 579
3 263 259 258
3 262 258 260
3 262 263 258
3 640 259 263
3 265 260 261
3 264 262 260
3 264 260 265
3 265 261 581
3 581 261 580
3 267 263 262
3 266 262 264
3 266 267 262
3 640 263 267
3 269 264 265
3 268 266 264
3 268 264 269
3 269 265 582
3 582 265 581
3 271 267 266
3 270 266 268
3 270 271 266
3 640 267 271
3 273 268 269
3 272 270 268
3 272 268 273
3 273 269 583
3 583 269 582
3 276 271 270
3 274 270 272
3 275 270 274
3 275 276 270
3 640 271 276
3 274 272 273
3 278 274 273
3 278 273 584
3 584 273 583
3 277 275 274
3 277 274 278
3 280 276 275
3 279 275 277
3 279 280 275
3 640 276 280
3 282 277 278
3 281 279 277
3 281 277 282
3 282 278 585
3 585 278 584
3 283 280 279
3 283 279 281
3 287 280 283
3 640 280 287
3 285 281 282
3 284 283 281
3 284 281 285
3 285 282 585
3 286 283 284
3 286 287 283
3 289 284 285
3 288 286 284
3 288 284 289
3 289 285 586
3 586 285 585
3 291 287 286
3 290 286 288
3 290 291 286
3 640 287 291
3 293 288 289
3 292 290 288
3 292 288 293
3 293 289 587
3 587 289 586
3 295 291 290
3 294 290 292
3 294 295 290
3 640 291 295
3 297 292 293
3 296 294 292
3 296 292 297
3 297 293 588
3 588 293 587
3 299 295 294
3 298 294 296
3 298 299 294
3 640 295 299
3 301 296 297
3 300 298 296
3 300 296 301
3 301 297 589
3 589 297 588
3 303 299 298
3 302 298 300
3 302 303 298
3 640 299 303
3 305 300 301
3 304 302 300
3 304 300 305
3 305 301 590
3 590 301 589
3 307 303 302
3 306 302 304
3 306 307 302
3 640 303 307
3 309 304 305
3 308 306 304
3 308 304 309
3 309 305 591
3 591 305 590
3 311 307 306
3 310 306 308
3 310 311 306
3 640 307 311
3 313 308 309
3 312 310 308
3 312 308 313
3 313 309 592
3 592 309 591
3 314 311 310
3 314 310 312
3 318 311 314
3 640 311 318
3 316 312 313
3 315 314 312
3 315 312 316
3 316 313 592
3 317 314 315
3 317 318 314
3 320 315 316
3 319 317 315
3 319 315 320
3 320 316 593
3 593 316 592
3 322 318 317
3 321 317 319
3 321 322 317
3 640 318 322
3 324 319 320
3 323 321 319
3 323 319 324
3 324 320 594
3 594 320 593
3 326 322 321
3 325 321 323
3 325 326 321
3 640 322 326
3 328 323 324
3 327 325 323
3 327 323 328
3 328 324 595
3 595 324 594
3 330 326 325
3 329 325 327
3 329 330 325
3 640 326 330
3 332 327 328
3 331 329 327
3 331 327 332
3 332 328 596
3 596 328 595
3 334 330 329
3 333 329 331
3 333 334 329
3 640 330 334
3 336 331 332
3 335 333 331
3 335 331 336
3 336 332 597
3 597 332 596
3 339 334 333
3 337 333 335
3 338 333 337
3 338 339 333
3 640 334 339
3 337 335 336
3 341 337 336
3 341 336 598
3 598 336 597
3 340 338 337
3 340 337 341
3 342 339 338
3 342 338 340
3 346 339 342
3 640 339 346
3 344 340 341
3 343 342 340
3 343 340 344
3 344 341 598
3 345 342 343
3 345 346 342
3 348 343 344
3 347 345 343
3 347 343 348
3 348 344 599
3 599 344 598
3 350 346 345
3 349 345 347
3 349 350 345
3 640 346 350
3 352 347 348
3 351 349 347
3 351 347 352
3 352 348 600
3 600 348 599
3 354 350 349
3 353 349 351
3 353 354 349
3 640 350 354
3 356 351 352
3 355 353 351
3 355 351 356
3 356 352 601
3 601 352 600
3 358 354 353
3 357 353 355
3 357 358 353
3 640 354 358
3 360 355 356
3 359 357 355
3 359 355 360
3 360 356 602
3 602 356 601
3 362 358 357
3 361 357 359
3 361 362 357
3 640 358 362
3 364 359 360
3 363 361 359
3 363 359 364
3 364 360 603
3 603 360 602
3 366 362 361
3 365 361 363
3 365 366 361
3 640 362 366
3 368 363 364
3 367 365 363
3 367 363 368
3 368 364 604
3 604 364 603
3 370 366 365
3 369 365 367
3 369 370 365
3 640 366 370
3 372 367 368
3 371 369 367
3 371 367 372
3 372 368 605
3 605 368 604
3 373 370 369
3 373 369 371
3 377 370 373
3 640 370 377
3 375 371 372
3 374 373 371
3 374 371 375
3 375 372 605
3 376 373 374
3 376 377 373
3 379 374 375
3 378 376 374
3 378 374 379
3 379 375 606
3 606 375 605
3 381 377 376
3 380 376 378
3 380 381 376
3 640 377 381
3 383 378 379
3 382 380 378
3 382 378 383
3 383 379 607
3 607 379 606
3 385 381 380
3 384 380 382
3 384 385 380
3 640 381 385
3 387 382 383
3 386 384 382
3 386 382 387
3 387 383 608
3 608 383 607
3 389 385 384
3 388 384 386
3 388 389 384
3 640 385 389
3 391 386 387
3 390 388 386
3 390 386 391
3 391 387 609
3 609 387 608
3 393 389 388
3 392 388 390
3 392 393 388
3 640 389 393
3 395 390 391
3 394 392 390
3 394 390 395
3 395 391 610
3 610 391 609
3 397 393 392
3 396 392 394
3 396 397 392
3 640 393 397
3 399 394 395
3 398 396 394
3 398 394 399
3 399 395 611
3 611 395 610
3 401 397 396
3 400 396 398
3 400 401 396
3 640 397 401
3 403 398 399
3 402 400 398
3 402 398 403
3 403 399 612
3 612 399 611
3 405 401 400
3 404 400 402
3 405 400 404
3 409 401 405
3 640 401 409
3 404 402 403
3 407 404 403
3 407 403 612
3 406 405 404
3 406 404 407
3 408 405 406
3 408 409 405
3 411 406 407
3 410 408 406
3 410 406 411
3 411 407 613
3 613 407 612
3 413 409 408
3 412 408 410
3 412 413 408
3 640 409 413
3 415 410 411
3 414 412 410
3 414 410 415
3 415 411 614
3 614 411 613
3 417 413 412
3 416 412 414
3 416 417 412
3 640 413 417
3 419 414 415
3 418 416 414
3 418 414 419
3 419 415 615
3 615 415 614
3 421 417 416
3 420 416 418
3 420 421 416
3 640 417 421
3 423 418 419
3 422 420 418
3 422 418 423
3 423 419 616
3 616 419 615
3 425 421 420
3 424 420 422
3 424 425 420
3 640 421 425
3 427 422 423
3 426 424 422
3 426 422 427
3 427 423 617
3 617 423 616
3 429 425 424
3 428 424 426
3 428 429 424
3 640 425 429
3 431 426 427
3 430 428 426
3 430 426 431
3 431 427 618
3 618 427 617
3 433 429 428
3 432 428 430
3 432 433 428
3 640 429 433
3 435 430 431
3 434 432 430
3 434 430 435
3 435 431 619
3 619 431 618
3 436 433 432
3 436 432 434
3 440 433 436
3 640 433 440
3 438 434 435
3 437 436 434
3 437 434 438
3 438 435 619
3 439 436 437
3 439 440 436
3 442 437 438
3 441 439 437
3 441 437 442
3 442 438 620
3 620 438 619
3 444 440 439
3 443 439 441
3 443 444 439
3 640 440 444
3 446 441 442
3 445 443 441
3 445 441 446
3 446 442 621
3 621 442 620
3 448 444 443
3 447 443 445
3 447 448 443
3 640 444 448
3 450 445 446
3 449 447 445
3 449 445 450
3 450 446 622
3 622 446 621
3 452 448 447
3 451 447 449
3 451 452 447
3 640 448 452
3 454 449 450
3 453 451 449
3 453 449 454
3 454 450 623
3 623 450 622
3 456 452 451
3 455 451 453
3 455 456 451
3 640 452 456
3 458 453 454
3 457 455 453
3 457 453 458
3 458 454 624
3 624 454 623
3 460 456 455
3 459 455 457
3 459 460 455
3 640 456 460
3 462 457 458
3 461 459 457
3 461 457 462
3 462 458 625
3 625 458 624
3 464 460 459
3 463 459 461
3 463 464 459
3 640 460 464
3 466 461 462
3 465 463 461
3 465 461 466
3 466 462 626
3 626 462 625
3 467 464 463
3 467 463 465
3 472 464 467
3 640 464 472
3 469 465 466
3 468 467 465
3 468 465 469
3 469 466 626
3 470 467 468
3 471 467 470
3 471 472 467
3 470 468 469
3 474 470 469
3 474 469 627
3 627 469 626
3 473 471 470
3 473 470 474
3 476 472 471
3 475 471 473
3 475 476 471
3 640 472 476
3 478 473 474
3 477 475 473
3 477 473 478
3 478 474 628
3 628 474 627
3 480 476 475
3 479 475 477
3 479 480 475
3 640 476 480
3 482 477 478
3 481 479 477
3 481 477 482
3 482 478 629
3 629 478 628
3 484 480 479
3 483 479 481
3 483 484 479
3 640 480 484
3 486 481 482
3 485 483 481
3 485 481 486
3 486 482 630
3 630 482 629
3 488 484 483
3 487 483 485
3 487 488 483
3 640 484 488
3 490 485 486
3 489 487 485
3 489 485 490
3 490 486 631
3 631 486 630
3 492 488 487
3 491 487 489
3 491 492 487
3 640 488 492
3 494 489 490
3 493 491 489
3 493 489 494
3 494 490 632
3 632 490 631
3 495 492 491
3 495 491 493
3 499 492 495
3 640 492 499
3 497 493 494
3 496 495 493
3 496 493 497
3 497 494 632
3 498 495 496
3 498 499 495
3 501 496 497
3 500 498 496
3 500 496 501
3 501 497 633
3 633 497 632
3 503 499 498
3 502 498 500
3 502 503 498
3 640 499 503
3 505 500 501
3 504 502 500
3 504 500 505
3 505 501 634
3 634 501 633
3 507 503 502
3 506 502 504
3 506 507 502
3 640 503 507
3 509 504 505
3 508 506 504
3 508 504 509
3 509 505 635
3 635 505 634
3 511 507 506
3 510 506 508
3 510 511 506
3 640 507 511
3 513 508 509
3 512 510 508
3 512 508 513
3 513 509 636
3 636 509 635
3 515 511 510
3 514 510 512
3 514 515 510
3 640 511 515
3 517 512 513
3 516 514 512
3 516 512 517
3 517 513 637
3 637 513 636
3 519 515 514
3 518 514 516
3 518 519 514
3 640 515 519
3 521 516 517
3 520 518 516
3 520 516 521
3 521 517 638
3 638 517 637
3 522 520 521
3 522 521 524
3 524 521 638
3 523 524 639
3 525 523 639
3 524 638 639
3 526 525 639
3 527 526 639
3 528 527 639
3 529 528 639
3 530 529 639
3 531 530 639
3 532 531 639
3 533 532 639
3 534 533 639
3 535 534 639
3 536 535 639
3 537 536 639
3 538 537 639
3 539 538 639
3 540 539 639
3 541 540 639
3 542 541 639
3 543 542 639
3 544 543 639
3 545 544 639
3 546 545 639
3 547 546 639
3 548 547 639
3 549 548 639
3 550 549 639
3 551 550 639
3 552 551 639
3 553 552 639
3 554 553 639
3 555 554 639
3 556 555 639
3 557 556 639
3 558 557 639
3 559 558 639
3 560 559 639
3 561 560 639
3 562 561 639
3 563 562 639
3 564 563 639
3 565 564 639
3 566 565 639
3 567 566 639
3 568 567 639
3 569 568 639
3 570 569 639
3 571 570 639
3 572 571 639
3 573 572 639
3 574 573 639
3 575 574 639
3 576 575 639
3 577 576 639
3 578 577 639
3 579 578 639
3 580 579 639
3 581 580 639
3 582 581 639
3 583 582 639
3 584 583 639
3 585 584 639
3 586 585 639
3 587 586 639
3 588 587 639
3 589 588 639
3 590 589 639
3 591 590 639
3 592 591 639
3 593 592 639
3 594 593 639
3 595 594 639
3 596 595 639
3 597 596 639
3 598 597 639
3 599 598 639
3 600 599 639
3 601 600 639
3 602 601 639
3 603 602 639
3 604 603 639
3 605 604 639
3 606 605 639
3 607 606 639
3 608 607 639
3 609 608 639
3 610 609 639
3 611 610 639
3 612 611 639
3 613 612 639
3 614 613 639
3 615 614 639
3 616 615 639
3 617 616 639
3 618 617 639
3 619 618 639
3 620 619 639
3 621 620 639
3 622 621 639
3 623 622 639
3 624 623 639
3 625 624 639
3 626 625 639
3 627 626 639
3 628 627 639
3 629 628 639
3 630 629 639
3 631 630 639
3 632 631 639
3 633 632 639
3 634 633 639
3 635 634 639
3 636 635 639
3 637 636 639
3 638 637 639